63E: 14, 15, 13, 11, 1, 1, 1, 11, 11, 8, 7, 14, 6, 11, 11
63W: 13, 2, 9, 3, 0, 9, 14, 9, 2, 2, 5, 10, 6, 6, 11, 6, 13, 11
90E: 13, 9, 26, 16, 7, 13, 14, 15, 13, 15
90W: 8, 9, 11, 18, 15, 14, 12, 16, 17
145E: 15, 16, 10, 18, 24, 11, 20, 19
145W: 9, 12, 26, 3, 15, 5, 0, 7, 18, 14, 11, 8
331E: 12, 7, 9, 14, 15, 16, 15, 11, 18, 14
331W: 11, 11, 14, 30, 8, 11
332E: 12, 15, 14, 15, 14, 15, 15, 18
332W: 16, 1, 5, 17, 19, 14, 12, 12, 15
333E: 15, 26, 16, 14, 13, 17, 14, 15
333W: 19, 18, 14, 9, 13, 0, 19, 14, 15
334E: 11, 3, 13, 12, 18, 16, 12, 14, 17, 15
334W: 28, 17, 21, 11, 10, 15, 13, 17